1 20 39 43 52 54 63 72 75 93 94 98 102 106 133 144 147 150 170 173 188
2 8 11 18 27 85 90 130 143 199 200
3 5 13 14 38 46 62 65 113 116 118 122 123 126 128 129 138 160 166 167 172 186 194
4 9 15 19 25 26 36 40 42 44 50 60 64 66 89 100 117 159 171 182 195 197 198
6 16 28 30 35 37 45 48 51 57 73 76 83 84 88 99 105 108 109 110 124 149 151 154 157 162 174 177 180 181 185 187
7 21 34 49 70 115 119 156 179 191 193 196
10 12 55 91 114 134 140 148 178 184
17 24 31 32 33 41 47 58 61 67 69 77 78 79 80 92 96 103 112 137 139 146 155 158 169 192 201
22 86 95 97 127 136 142 153
23 53 59 74 101 107 111 120 121 131 132 135 141 152 164 165 168 189
29 56 68 71 81 82 87 104 125 145 161 163 175 176 183 190
